Cycle
NEDC
0	0	0
1	0	0
2	0	0
3	0	0
4	0	0
5	0	0
6	0	0
7	0	0
8	0	0
9	0	0
10	0	0
11	0	0
12	3.7	1
13	7.5	1
14	11.2	1
15	15	1
16	15	1
17	15	1
18	15	1
19	15	1
20	15	1
21	15	1
22	15	1
23	15	1
24	12.5	1
25	10	1
26	6.7	0
27	3.3	0
28	0	0
29	0	0
30	0	0
31	0	0
32	0	0
33	0	0
34	0	0
35	0	0
36	0	0
37	0	0
38	0	0
39	0	0
40	0	0
41	0	0
42	0	0
43	0	0
44	0	0
45	0	0
46	0	0
47	0	0
48	0	0
49	0	0
50	3	1
51	6	1
52	9	1
53	12	1
54	15	1
55	15	1
56	15	1
57	18.4	2
58	21.8	2
59	25.2	2
60	28.6	2
61	32	2
62	32	2
63	32	2
64	32	2
65	32	2
66	32	2
67	32	2
68	32	2
69	32	2
70	32	2
71	32	2
72	32	2
73	32	2
74	32	2
75	32	2
76	32	2
77	32	2
78	32	2
79	32	2
80	32	2
81	32	2
82	32	2
83	32	2
84	32	2
85	32	2
86	29.2	2
87	26.5	2
88	23.7	2
89	21	2
90	18.2	2
91	15.5	2
92	12.7	2
93	10	2
94	6.7	0
95	3.3	0
96	0	0
97	0	0
98	0	0
99	0	0
100	0	0
101	0	0
102	0	0
103	0	0
104	0	0
105	0	0
106	0	0
107	0	0
108	0	0
109	0	0
110	0	0
111	0	0
112	0	0
113	0	0
114	0	0
115	0	0
116	0	0
117	0	0
118	3	1
119	6	1
120	9	1
121	12	1
122	15	1
123	15	1
124	15	1
125	17.2	2
126	19.4	2
127	21.7	2
128	23.9	2
129	26.1	2
130	28.3	2
131	30.6	2
132	32.8	2
133	35	2
134	35	2
135	35	2
136	36.9	3
137	38.7	3
138	40.6	3
139	42.5	3
140	44.4	3
141	46.2	3
142	48.1	3
143	50	3
144	50	3
145	50	3
146	50	3
147	50	3
148	50	3
149	50	3
150	50	3
151	50	3
152	50	3
153	50	3
154	50	3
155	50	3
156	48.1	3
157	46.2	3
158	44.4	3
159	42.5	3
160	40.6	3
161	38.7	3
162	36.9	3
163	35	3
164	35	3
165	35	3
166	35	3
167	35	3
168	35	3
169	35	3
170	35	3
171	35	3
172	35	3
173	35	3
174	35	3
175	35	3
176	35	3
177	35	3
178	35	3
179	31.42857143	2
180	27.85714286	2
181	24.28571429	2
182	20.71428571	2
183	17.14285714	2
184	13.57142857	2
185	10	2
186	6.67	0
187	3.33	0
188	0	0
189	0	0
190	0	0
191	0	0
192	0	0
193	0	0
194	0	0
195	0	0
196	0	0
197	0	0
198	0	0
199	0	0
200	0	0
201	0	0
202	0	0
203	0	0
204	0	0
205	0	0
206	0	0
207	3.7	1
208	7.5	1
209	11.2	1
210	15	1
211	15	1
212	15	1
213	15	1
214	15	1
215	15	1
216	15	1
217	15	1
218	15	1
219	12.5	1
220	10	1
221	6.7	0
222	3.3	0
223	0	0
224	0	0
225	0	0
226	0	0
227	0	0
228	0	0
229	0	0
230	0	0
231	0	0
232	0	0
233	0	0
234	0	0
235	0	0
236	0	0
237	0	0
238	0	0
239	0	0
240	0	0
241	0	0
242	0	0
243	0	0
244	0	0
245	3	1
246	6	1
247	9	1
248	12	1
249	15	1
250	15	1
251	15	1
252	18.4	2
253	21.8	2
254	25.2	2
255	28.6	2
256	32	2
257	32	2
258	32	2
259	32	2
260	32	2
261	32	2
262	32	2
263	32	2
264	32	2
265	32	2
266	32	2
267	32	2
268	32	2
269	32	2
270	32	2
271	32	2
272	32	2
273	32	2
274	32	2
275	32	2
276	32	2
277	32	2
278	32	2
279	32	2
280	32	2
281	29.2	2
282	26.5	2
283	23.7	2
284	21	2
285	18.2	2
286	15.5	2
287	12.7	2
288	10	2
289	6.7	0
290	3.3	0
291	0	0
292	0	0
293	0	0
294	0	0
295	0	0
296	0	0
297	0	0
298	0	0
299	0	0
300	0	0
301	0	0
302	0	0
303	0	0
304	0	0
305	0	0
306	0	0
307	0	0
308	0	0
309	0	0
310	0	0
311	0	0
312	0	0
313	3	1
314	6	1
315	9	1
316	12	1
317	15	1
318	15	1
319	15	1
320	17.2	2
321	19.4	2
322	21.7	2
323	23.9	2
324	26.1	2
325	28.3	2
326	30.6	2
327	32.8	2
328	35	2
329	35	2
330	35	2
331	36.9	3
332	38.7	3
333	40.6	3
334	42.5	3
335	44.4	3
336	46.2	3
337	48.1	3
338	50	3
339	50	3
340	50	3
341	50	3
342	50	3
343	50	3
344	50	3
345	50	3
346	50	3
347	50	3
348	50	3
349	50	3
350	50	3
351	48.1	3
352	46.2	3
353	44.4	3
354	42.5	3
355	40.6	3
356	38.7	3
357	36.9	3
358	35	3
359	35	3
360	35	3
361	35	3
362	35	3
363	35	3
364	35	3
365	35	3
366	35	3
367	35	3
368	35	3
369	35	3
370	35	3
371	35	3
372	35	3
373	35	3
374	31.42857143	2
375	27.85714286	2
376	24.28571429	2
377	20.71428571	2
378	17.14285714	2
379	13.57142857	2
380	10	2
381	6.67	0
382	3.33	0
383	0	0
384	0	0
385	0	0
386	0	0
387	0	0
388	0	0
389	0	0
390	0	0
391	0	0
392	0	0
393	0	0
394	0	0
395	0	0
396	0	0
397	0	0
398	0	0
399	0	0
400	0	0
401	0	0
402	3.7	1
403	7.5	1
404	11.2	1
405	15	1
406	15	1
407	15	1
408	15	1
409	15	1
410	15	1
411	15	1
412	15	1
413	15	1
414	12.5	1
415	10	1
416	6.7	0
417	3.3	0
418	0	0
419	0	0
420	0	0
421	0	0
422	0	0
423	0	0
424	0	0
425	0	0
426	0	0
427	0	0
428	0	0
429	0	0
430	0	0
431	0	0
432	0	0
433	0	0
434	0	0
435	0	0
436	0	0
437	0	0
438	0	0
439	0	0
440	3	1
441	6	1
442	9	1
443	12	1
444	15	1
445	15	1
446	15	1
447	18.4	2
448	21.8	2
449	25.2	2
450	28.6	2
451	32	2
452	32	2
453	32	2
454	32	2
455	32	2
456	32	2
457	32	2
458	32	2
459	32	2
460	32	2
461	32	2
462	32	2
463	32	2
464	32	2
465	32	2
466	32	2
467	32	2
468	32	2
469	32	2
470	32	2
471	32	2
472	32	2
473	32	2
474	32	2
475	32	2
476	29.2	2
477	26.5	2
478	23.7	2
479	21	2
480	18.2	2
481	15.5	2
482	12.7	2
483	10	2
484	6.7	0
485	3.3	0
486	0	0
487	0	0
488	0	0
489	0	0
490	0	0
491	0	0
492	0	0
493	0	0
494	0	0
495	0	0
496	0	0
497	0	0
498	0	0
499	0	0
500	0	0
501	0	0
502	0	0
503	0	0
504	0	0
505	0	0
506	0	0
507	0	0
508	3	1
509	6	1
510	9	1
511	12	1
512	15	1
513	15	1
514	15	1
515	17.2	2
516	19.4	2
517	21.7	2
518	23.9	2
519	26.1	2
520	28.3	2
521	30.6	2
522	32.8	2
523	35	2
524	35	2
525	35	2
526	36.9	3
527	38.7	3
528	40.6	3
529	42.5	3
530	44.4	3
531	46.2	3
532	48.1	3
533	50	3
534	50	3
535	50	3
536	50	3
537	50	3
538	50	3
539	50	3
540	50	3
541	50	3
542	50	3
543	50	3
544	50	3
545	50	3
546	48.1	3
547	46.2	3
548	44.4	3
549	42.5	3
550	40.6	3
551	38.7	3
552	36.9	3
553	35	3
554	35	3
555	35	3
556	35	3
557	35	3
558	35	3
559	35	3
560	35	3
561	35	3
562	35	3
563	35	3
564	35	3
565	35	3
566	35	3
567	35	3
568	35	3
569	31.42857143	2
570	27.85714286	2
571	24.28571429	2
572	20.71428571	2
573	17.14285714	2
574	13.57142857	2
575	10	2
576	6.67	0
577	3.33	0
578	0	0
579	0	0
580	0	0
581	0	0
582	0	0
583	0	0
584	0	0
585	0	0
586	0	0
587	0	0
588	0	0
589	0	0
590	0	0
591	0	0
592	0	0
593	0	0
594	0	0
595	0	0
596	0	0
597	3.7	1
598	7.5	1
599	11.2	1
600	15	1
601	15	1
602	15	1
603	15	1
604	15	1
605	15	1
606	15	1
607	15	1
608	15	1
609	12.5	1
610	10	1
611	6.7	0
612	3.3	0
613	0	0
614	0	0
615	0	0
616	0	0
617	0	0
618	0	0
619	0	0
620	0	0
621	0	0
622	0	0
623	0	0
624	0	0
625	0	0
626	0	0
627	0	0
628	0	0
629	0	0
630	0	0
631	0	0
632	0	0
633	0	0
634	0	0
635	3	1
636	6	1
637	9	1
638	12	1
639	15	1
640	15	1
641	15	1
642	18.4	2
643	21.8	2
644	25.2	2
645	28.6	2
646	32	2
647	32	2
648	32	2
649	32	2
650	32	2
651	32	2
652	32	2
653	32	2
654	32	2
655	32	2
656	32	2
657	32	2
658	32	2
659	32	2
660	32	2
661	32	2
662	32	2
663	32	2
664	32	2
665	32	2
666	32	2
667	32	2
668	32	2
669	32	2
670	32	2
671	29.2	2
672	26.5	2
673	23.7	2
674	21	2
675	18.2	2
676	15.5	2
677	12.7	2
678	10	2
679	6.7	0
680	3.3	0
681	0	0
682	0	0
683	0	0
684	0	0
685	0	0
686	0	0
687	0	0
688	0	0
689	0	0
690	0	0
691	0	0
692	0	0
693	0	0
694	0	0
695	0	0
696	0	0
697	0	0
698	0	0
699	0	0
700	0	0
701	0	0
702	0	0
703	3	1
704	6	1
705	9	1
706	12	1
707	15	1
708	15	1
709	15	1
710	17.2	2
711	19.4	2
712	21.7	2
713	23.9	2
714	26.1	2
715	28.3	2
716	30.6	2
717	32.8	2
718	35	2
719	35	2
720	35	2
721	36.9	3
722	38.7	3
723	40.6	3
724	42.5	3
725	44.4	3
726	46.2	3
727	48.1	3
728	50	3
729	50	3
730	50	3
731	50	3
732	50	3
733	50	3
734	50	3
735	50	3
736	50	3
737	50	3
738	50	3
739	50	3
740	50	3
741	48.1	3
742	46.2	3
743	44.4	3
744	42.5	3
745	40.6	3
746	38.7	3
747	36.9	3
748	35	3
749	35	3
750	35	3
751	35	3
752	35	3
753	35	3
754	35	3
755	35	3
756	35	3
757	35	3
758	35	3
759	35	3
760	35	3
761	35	3
762	35	3
763	35	3
764	31.42857143	2
765	27.85714286	2
766	24.28571429	2
767	20.71428571	2
768	17.14285714	2
769	13.57142857	2
770	10	2
771	6.67	0
772	3.33	0
773	0	0
774	0	0
775	0	0
776	0	0
777	0	0
778	0	0
779	0	0
780	0	0
781	0	0
782	0	0
783	0	0
784	0	0
785	0	0
786	0	0
787	0	0
788	0	0
789	0	0
790	0	0
791	0	0
792	0	0
793	0	0
794	0	0
795	0	0
796	0	0
797	0	0
798	0	0
799	0	0
800	0	0
801	3	1
802	6	1
803	9	1
804	12	1
805	15	1
806	15	1
807	15	1
808	17.22222222	2
809	19.44444444	2
810	21.66666667	2
811	23.88888889	2
812	26.11111111	2
813	28.33333333	2
814	30.55555556	2
815	32.77777778	2
816	35	2
817	35	2
818	35	2
819	36.875	3
820	38.75	3
821	40.625	3
822	42.5	3
823	44.375	3
824	46.25	3
825	48.125	3
826	50	3
827	50	3
828	50	3
829	51.53846154	4
830	53.07692308	4
831	54.61538462	4
832	56.15384615	4
833	57.69230769	4
834	59.23076923	4
835	60.76923077	4
836	62.30769231	4
837	63.84615385	4
838	65.38461538	4
839	66.92307692	4
840	68.46153846	4
841	70	4
842	70	5
843	70	5
844	70	5
845	70	5
846	70	5
847	70	5
848	70	5
849	70	5
850	70	5
851	70	5
852	70	5
853	70	5
854	70	5
855	70	5
856	70	5
857	70	5
858	70	5
859	70	5
860	70	5
861	70	5
862	70	5
863	70	5
864	70	5
865	70	5
866	70	5
867	70	5
868	70	5
869	70	5
870	70	5
871	70	5
872	70	5
873	70	5
874	70	5
875	70	5
876	70	5
877	70	5
878	70	5
879	70	5
880	70	5
881	70	5
882	70	5
883	70	5
884	70	5
885	70	5
886	70	5
887	70	5
888	70	5
889	70	5
890	70	5
891	70	5
892	67.5	5
893	65	5
894	62.5	5
895	60	5
896	57.5	4
897	55	4
898	52.5	4
899	50	4
900	50	4
901	50	4
902	50	4
903	50	4
904	50	4
905	50	4
906	50	4
907	50	4
908	50	4
909	50	4
910	50	4
911	50	4
912	50	4
913	50	4
914	50	4
915	50	4
916	50	4
917	50	4
918	50	4
919	50	4
920	50	4
921	50	4
922	50	4
923	50	4
924	50	4
925	50	4
926	50	4
927	50	4
928	50	4
929	50	4
930	50	4
931	50	4
932	50	4
933	50	4
934	50	4
935	50	4
936	50	4
937	50	4
938	50	4
939	50	4
940	50	4
941	50	4
942	50	4
943	50	4
944	50	4
945	50	4
946	50	4
947	50	4
948	50	4
949	50	4
950	50	4
951	50	4
952	50	4
953	50	4
954	50	4
955	50	4
956	50	4
957	50	4
958	50	4
959	50	4
960	50	4
961	50	4
962	50	4
963	50	4
964	50	4
965	50	4
966	50	4
967	50	4
968	50	4
969	51.5	4
970	53.07692308	4
971	54.61538462	4
972	56.15384615	4
973	57.69230769	4
974	59.23076923	4
975	60.76923077	4
976	62.30769231	4
977	63.84615385	4
978	65.38461538	4
979	66.92307692	4
980	68.46153846	4
981	70	4
982	70	5
983	70	5
984	70	5
985	70	5
986	70	5
987	70	5
988	70	5
989	70	5
990	70	5
991	70	5
992	70	5
993	70	5
994	70	5
995	70	5
996	70	5
997	70	5
998	70	5
999	70	5
1000	70	5
1001	70	5
1002	70	5
1003	70	5
1004	70	5
1005	70	5
1006	70	5
1007	70	5
1008	70	5
1009	70	5
1010	70	5
1011	70	5
1012	70	5
1013	70	5
1014	70	5
1015	70	5
1016	70	5
1017	70	5
1018	70	5
1019	70	5
1020	70	5
1021	70	5
1022	70	5
1023	70	5
1024	70	5
1025	70	5
1026	70	5
1027	70	5
1028	70	5
1029	70	5
1030	70	5
1031	70	5
1032	70.85714286	5
1033	71.71428571	5
1034	72.57142857	5
1035	73.42857143	5
1036	74.28571429	5
1037	75.14285714	5
1038	76	5
1039	76.85714286	5
1040	77.71428571	5
1041	78.57142857	5
1042	79.42857143	5
1043	80.28571429	5
1044	81.14285714	5
1045	82	5
1046	82.85714286	5
1047	83.71428571	5
1048	84.57142857	5
1049	85.42857143	5
1050	86.28571429	5
1051	87.14285714	5
1052	88	5
1053	88.85714286	5
1054	89.71428571	5
1055	90.57142857	5
1056	91.42857143	5
1057	92.28571429	5
1058	93.14285714	5
1059	94	5
1060	94.85714286	5
1061	95.71428571	5
1062	96.57142857	5
1063	97.42857143	5
1064	98.28571429	5
1065	99.14285714	5
1066	100	5
1067	100	5
1068	100	5
1069	100	5
1070	100	5
1071	100	5
1072	100	5
1073	100	5
1074	100	5
1075	100	5
1076	100	5
1077	100	5
1078	100	5
1079	100	5
1080	100	5
1081	100	5
1082	100	5
1083	100	5
1084	100	5
1085	100	5
1086	100	5
1087	100	5
1088	100	5
1089	100	5
1090	100	5
1091	100	5
1092	100	5
1093	100	5
1094	100	5
1095	100	5
1096	100	5
1097	101	5
1098	102	5
1099	103	5
1100	104	5
1101	105	5
1102	106	5
1103	107	5
1104	108	5
1105	109	5
1106	110	5
1107	111	5
1108	112	5
1109	113	5
1110	114	5
1111	115	5
1112	116	5
1113	117	5
1114	118	5
1115	119	5
1116	120	5
1117	120	5
1118	120	5
1119	120	5
1120	120	5
1121	120	5
1122	120	5
1123	120	5
1124	120	5
1125	120	5
1126	120	5
1127	117	5
1128	115	5
1129	112	5
1130	110	5
1131	107	5
1132	105	5
1133	102	5
1134	100	5
1135	97.5	5
1136	95	5
1137	92.5	5
1138	90	5
1139	87.5	5
1140	85	5
1141	82.5	5
1142	80	5
1143	76.3	5
1144	72.5	5
1145	68.8	5
1146	65	5
1147	61.3	5
1148	57.5	5
1149	53.8	5
1150	50	5
1151	45	0
1152	40	0
1153	35	0
1154	30	0
1155	25	0
1156	20	0
1157	15	0
1158	10	0
1159	5	0
1160	0	0
1161	0	0
1162	0	0
1163	0	0
1164	0	0
1165	0	0
1166	0	0
1167	0	0
1168	0	0
1169	0	0
1170	0	0
1171	0	0
1172	0	0
1173	0	0
1174	0	0
1175	0	0
1176	0	0
1177	0	0
1178	0	0
1179	0	0
1180	0	0